0.624349296610377
0.9995449102087622
0.3151502817721596
0.7165942356654739
0.09189800156243601
0.8023657600879639
0.20572917109098923
0.02720428818704673
0.06435704697071729
0.7190667119054971
0.25729565798816495
0.43472279858759977
0.192451261556517
0.1156064264931795
0.014373238850487016
0.9673728612226893
0.05152395402293557
0.1224821337804166
0.9333070376383014
0.2465677802837517
0.20618286759910054
0.2588971763747008
0.5305439349610667
0.016760977199490563
0.30900365648406036
0.006147787831337541
0.999108179212354
0.9424936915053971
0.5349111259730877
0.09937506817800248
0.7351835504745543
0.21106626855071753
0.8803890103461062
0.7456493055015904
0.7718830728499521
0.6731415940224379
0.03810005318847331
0.029586296491847196
0.9952916836947476
0.5305439349610667
0.8903878629867116
0.024288271952738978
0.43992678488571074
0.08056158638132338
0.15383614051086103
0.7330371825994703
0.10666765190986198
0.5170143208993179
0.024472127076857895
0.05405024910587064
0.098535308422441
0.06767601727526622
0.6361818474480142
0.8608342316262919
0.060664347078506514
0.9996399928093495
0.9293990207973065
0.671746147717128
0.0774287427401508
0.7274118188757238
0.5184012660618168
0.9855917762567336
0.6918951510788686
0.9887302838107325
0.26012667285389157
0.8300804765948993
0.05696524784976404
0.33652817947088737
0.07164467818168413
0.20383550407111914
0.07574298405766304
0.30559091206921385
0.6289898920518404
0.34784760064712833
0.9479771128274792
0.8030613637377395
0.007267412700342024
0.5317327338232634
0.19874124579889524
0.020417130636746644
0.8861687906963154
0.7022270492257567
0.969834155667753
0.9205599062027828
0.96478046957437
0.8043332791588693
0.7751321047707813
0.7572248902096793
0.967927447373501
0.506094000753292
0.6522269792553385
0.1570029833281695
0.4447574080240835
0.9974462240403248
0.8781519700757919
0.9968110085410775
0.9965345805938307
0.12915092382196666
0.07724432516626191
0.9415664400617596
0.7216457690782203
0.9997912096952144
0.9915704034144172
0.07284635464126887
0.14238661289214716
0.7809565751107287
0.9836118576429803
0.5446369512290766
0.8890118577327806
0.08277241398140447
0.8722642587823602
0.3086030251194283
0.06599422995580292
0.2878476806597089
0.9636122960566597
0.9669183900134706
0.6219569075422591
0.13373682305751147
0.4955139433431595
0.8680441813012987
0.7216320057657338
0.996841206892551
0.8912305986015662
0.46356329849533984
0.08630984835089987
0.30257327107768606
0.8946446206139588
0.003945746909084105
0.03239300491839517
0.9994761637760502
0.6219569075422591
0.08998584610424785
0.026991272299224885
0.12397228063779865
0.3049911737367661
0.053547538360029664
0.9821745000339275
0.26107653439167716
0.30166452434442825
0.1616008023694232
0.3453829863211639
0.028865179008234796
0.21992723121932883
0.9596050270320339
0.9433778739798478
0.034277820044768224
0.8100382453171977
0.40392450000837
0.37422482434921156
0.4748326420053189
0.0024280588396551105
0.7130980359278497
0.9516060707147593
0.6631360479042757
0.9970217373247341
0.6344957921255957
0.08987632280791545
0.624363941064414
0.8903552919761558
0.6674499818199937
0.9481786273846837
0.4348930085716357
0.05665264144927077
0.883841963661671
0.03171148346600527
0.47842928208086527
0.996823521809778
0.05038425187966648
0.5305439349610667
0.4278443661631103
0.4168052816883068
0.9189556814916195
0.04775379858385185
0.8441030248673275
0.7936984618431716
0.9890430904651516
0.9948388037419523
0.511674017474577
0.668715386938678
0.9992268903054047
0.9869256675073569
0.9408479475005365
0.9923559848895513
0.9063471506755943
0.004425198799896305
0.34945758566039714
0.811339018606186
0.9434526009171955
0.8408437644829817
0.9086610881730873
0.4421407837004034
0.9915597814574924
0.5606583104879604
0.39218213886742054
0.18023492654997758
0.2716934382857973
0.8397783501665061
0.7642633626003119
0.976388348388099
0.8553378506407138
0.9824749831000259
0.6387632682744443
0.1496817661553231
0.03836366839962421
0.5793241215175418
0.9991005046394967
0.988028740788935
0.02050876890289255
0.5318444507139256
0.020937287375708456
0.7475048083590757
0.311993173220614
0.8437865461176639
0.8879654784441431
0.8106443907272488
0.9985100092503204
0.036477950748634295
0.8130827767221304
0.2112101381620567
0.8870151194598225
0.1669754808334786
0.12808955248647297
0.9621342403063483
0.5326379220446437
0.9016411686829653
0.6446361427565233
0.7251545244064012
0.5433714075330898
0.9905942605145147
0.09486490111211966
0.22368974374313486
0.352366418443105
0.028102250588698325
0.8960143001895784
0.9957011902653237
0.09003135610096302
0.03755245535094328
0.03232521090519724
0.23302522512591495
0.09360409551832216
0.6125791070671557
0.09934214996714673
0.893056184163359
0.9537644569737387
0.24880871354633702
0.45838292315480833
0.6760173151441716
0.025194684503867665
0.9896054306441693
0.8764947647197832
0.9963120449193098
0.13301000301551105
0.0417443347360924
0.9860508330638775
0.9102502502115699
0.801268803386694
0.14717700883035598
0.5939651568497291
0.034221055860511475
0.8218814157648627
0.9452437698062476
0.748379929607865
0.9765857506490684
0.9871083749794082
0.6639792939126747
0.9890232683788027
0.8106443907272488
0.14388824538694645
0.8013883667901014
0.9558989651925037
0.8006676317303728
0.9876311708314622
0.575046024128255
0.1255662211065327
0.5639039607037294
0.9681421651618938
0.41867668618278164
0.9914469374589986
0.3529498290316963
0.0531819999548968
0.9441805099247927
0.9936021995415215
0.3155634569954864
0.5753212309679323
0.011567253319320205
0.6587364668543649
0.5535940516221813
0.9850464289934735
0.7132157644537445
0.8936843679693252
0.3324676484651156
0.6834152096539072
0.8399493470819706
0.7766896558099263
0.943408177140109
0.9932524750779188
0.019958786603622058
0.4862723606115141
0.8663409548998204
0.9566237821486047
0.5168238975271817
0.6444476391781077
0.3795740023417005
0.983346540368522
0.1636853568949904
0.5928529340224507
0.6350347870337121
0.17312118000083754
0.5659599454355658
0.9581802148131605
0.9422398816374753
0.7863464473123565
0.9341261369267548
0.12283600823260565
0.062404777037801666
0.09569424775697433
0.4433572250964232
0.9887689510927308
0.05450266185154254
0.7476690361325277
0.7119982490189233
0.025216038953773043
0.9146717555931252
0.9892808340000883
0.4224075273430305
0.7686900268731518
0.12419911870688435
0.9851758403834231
0.0068888244750549416
0.9499507986626239
0.7251445175194989
0.9208274704440249
0.9917396358006649
0.2269798572086962
0.548513472093943
0.266655564271617
0.3331281637159282
0.6793240584825375
0.22964950437179976
0.5890608218079064
0.9411103181318344
0.802804669262806
0.07873871897768793
0.016196041049585178
0.041720392578024866
0.9934295234031478
0.9014528814512449
0.6311572521413842
0.29613267133119126
0.982514826489883
0.7977611224304557
0.9634675394329301
0.9993715843307168
0.9718440057547654
0.9104144876812671
0.9584666750125254
0.8868014291455136
0.05564378119866798
0.013859384583235471
0.023705827645926582
0.9606495056905892
0.0521935824880654
0.6010929619115762
0.1647949650663451
0.4696347827820105
0.16225614093436094
0.9033980861934731
0.9276220945072121
0.02712545974347328
0.0020278361310376654
0.19654479176529224
0.9589994890259897
0.08827114058980154
0.9717937740284356
0.2968167729623197
0.1122854087444894
0.023170081644646952
0.9865715719808859
0.9832038110187058
0.7796796131608779
0.9663502768805956
0.5608827887510986
0.9502642134370749
0.8836467692844686
0.9508743250787731
0.08283290640102141
0.12479064092800375
0.7978437108346066
0.458725778461722
0.03310319350367308
0.5929369660283045
0.9961852452094188
0.07588186780799194
0.3231394480855564
0.007971448968102214
0.8954932553948923
0.6991592578446926
0.8946963355975445
0.3322530057023297
0.1369907065613948
